-4.000000 0.756800 
-3.750000 0.563379 
-3.500000 0.344036 
-3.250000 0.105274 
-3.000000 -0.141000 
-2.750000 -0.380132 
-2.500000 -0.596877 
-2.250000 -0.777091 
-2.000000 -0.909000 
-1.750000 -0.984084 
-1.500000 -0.997608 
-1.250000 -0.948840 
-1.000000 -0.841000 
-0.750000 -0.680965 
-0.500000 -0.478783 
-0.250000 -0.247021 
0.000000 0.000000 
0.250000 0.247058 
0.500000 0.478920 
0.750000 0.681236 
1.000000 0.841400 
1.250000 0.949320 
1.500000 0.998085 
1.750000 0.984462 
2.000000 0.909200 
2.250000 0.777086 
2.500000 0.596723 
2.750000 0.379985 
3.000000 0.141100 
3.250000 -0.104674 
3.500000 -0.342818 
3.750000 -0.561824 
