-4.000000 -133.000000 
-3.750000 -136.484375 
-3.500000 -137.125000 
-3.250000 -135.203125 
-3.000000 -131.000000 
-2.750000 -124.796875 
-2.500000 -116.875000 
-2.250000 -107.515625 
-2.000000 -97.000000 
-1.750000 -85.609375 
-1.500000 -73.625000 
-1.250000 -61.328125 
-1.000000 -49.000000 
-0.750000 -36.921875 
-0.500000 -25.375000 
-0.250000 -14.640625 
0.000000 -5.000000 
0.250000 3.265625 
0.500000 9.875000 
0.750000 14.546875 
1.000000 17.000000 
1.250000 16.953125 
1.500000 14.125000 
1.750000 8.234375 
2.000000 -1.000000 
2.250000 -13.859375 
2.500000 -30.625000 
2.750000 -51.578125 
3.000000 -77.000000 
3.250000 -107.171875 
3.500000 -142.375000 
3.750000 -182.890625 
4.000000 -229.000000 
4.250000 -280.984375 
4.500000 -339.125000 
4.750000 -403.703125 
