125 1
0.003122877364084
-0.063952551945671
-0.000000000000799
-0.020300560080697
-0.003396018713252
0.004047597289788
-0.124563420116035
-0.075093000849450
-0.000000000003192
-0.078018294274708
-0.054133574237191
0.013358191758159
-0.008499467781595
0.005455318408609
0.020738342099538
-0.011267330301392
-0.012232996816791
0.002172976630913
-0.003503308842534
-0.013200000289580
-0.038719107347739
-0.052218060138856
-0.067446325589666
0.233369883989212
-0.000000000001898
0.001381929995294
-0.017755689215614
0.021439926520274
-0.025037632896358
-0.031655900760816
0.083092801615060
0.021911980034370
0.000000000001125
-0.129987801462929
-0.056858290025830
-0.017267951585909
-0.050079793536646
0.061431828692784
0.085888365259321
-0.003722558087890
-0.023226589383007
0.092997275407638
-0.008092774784842
0.027384409196024
-0.000710988220572
0.015814437504597
-0.031943046911602
0.007382476991041
0.077246657301049
0.007938486591475
-0.050085860541399
0.017155455943410
0.049801602729493
0.076534909519803
-0.001982301935540
0.068579337882533
0.007457832336908
-0.001022919152411
0.091745979955061
-0.067481512073322
0.037046848541269
-0.050525046034079
0.068063525464031
-0.000000000001469
-0.000000000003490
-0.050813174872499
-0.066915564769519
-0.115167079269365
0.093935714682329
0.006927401612160
-0.073448801889722
0.063349984533108
-0.007182234240175
-0.028693561207023
-0.103869335573576
-0.000000000005353
-0.000000000004787
0.043451125476730
0.043708431834809
-0.000000000000103
0.090686085078756
-0.086500839518304
-0.011008116216601
-0.008636708553546
-0.049253137863277
0.037799980872515
-0.005276606274699
0.321999697957143
0.031712280741417
0.084828017453387
-0.350586486537143
0.022155888141418
0.085197368530071
-0.074013938446693
0.061796016628846
-0.065414684946104
0.123200592463706
0.370967006914423
-0.000000000002983
-0.049692599565443
-0.104000615656631
-0.000000000002182
0.039994434342629
-0.325030839002807
0.101954186490519
-0.085972486100190
0.006926059426099
-0.004125472545891
-0.150986370878170
0.016492693292116
0.018074023032605
0.265069782228807
0.008777322547843
-0.119984328476820
-0.040063898314579
0.043461073341457
-0.057149571681446
0.097657485724652
0.030577547173573
-0.000000000006996
-0.220153969479995
0.047241364199039
0.045205639376438
-0.012793584035058
0.052662244910359
