125 1
0.0210847161
-0.1782557194
0.0000000000
-0.0630733606
-0.0485389993
-0.0763489504
0.0240537616
0.0656640999
0.0000000000
0.0692860757
-0.0383752375
-0.0146103514
-0.0011127481
-0.1460520689
0.2192600973
0.0736835134
-0.0875946982
-0.1135148330
-0.0520334013
0.0503045741
0.0830985040
-0.1834444927
-0.0618939721
-0.0234550635
0.0000000000
0.0252391907
0.0318634003
0.0124669399
0.0167545689
0.0138816342
0.1364988457
0.0481648978
0.0000000000
0.0651131342
0.0198425636
-0.0150837215
-0.0521999729
0.2040537109
-0.0567049312
0.0022876054
0.0602149795
-0.1764832625
0.1785038645
-0.1071540494
0.0275212893
-0.1855842985
-0.0795366295
0.0900618309
-0.0575395242
0.0260152826
0.1969743125
0.0028775037
-0.0380547943
0.1489604365
-0.0085256247
0.0234053644
-0.0469943655
-0.0231404788
-0.0198378169
-0.0241854047
-0.0041211607
0.0219962250
0.0007112070
0.0000000000
0.0000000000
-0.1364252950
-0.0123038653
-0.1136420415
-0.1477741145
-0.1542486349
0.0072728865
0.0526623920
0.0206646690
0.0306180724
-0.0002746302
0.0000000000
0.0000000000
0.0423317113
-0.0028682229
0.0000000000
0.0511689196
-0.0032341398
0.0149320002
-0.2262808660
-0.0559332516
-0.0921063862
0.1178189138
-0.0632325382
-0.0238887707
0.1136377461
-0.0577576535
0.2357755794
0.0066635353
0.1822624261
0.0207149735
0.0792197991
-0.1066569919
-0.0126115690
0.0000000000
0.1668830454
-0.1111845906
0.0000000000
0.1286420557
0.2442361984
0.0214280133
0.0455054582
0.0147005669
0.1726176779
0.0787149985
-0.0283168253
0.0620690437
0.0047243235
0.0201897802
-0.0762236105
0.0202067413
-0.0886060287
0.1200095518
-0.1451096368
-0.0464083597
0.0000000000
0.1044600080
-0.0673084733
-0.0586203744
-0.0485990758
0.0066082381
