-4.000000 -901.000000 
-3.750000 -721.367188 
-3.500000 -570.250000 
-3.250000 -444.460937 
-3.000000 -341.000000 
-2.750000 -257.054688 
-2.500000 -190.000000 
-2.250000 -137.398438 
-2.000000 -97.000000 
-1.750000 -66.742188 
-1.500000 -44.750000 
-1.250000 -29.335938 
-1.000000 -19.000000 
-0.750000 -12.429688 
-0.500000 -8.500000 
-0.250000 -6.273437 
0.000000 -5.000000 
0.250000 -4.117187 
0.500000 -3.250000 
0.750000 -2.210937 
1.000000 -1.000000 
1.250000 0.195312 
1.500000 1.000000 
1.750000 0.851562 
2.000000 -1.000000 
2.250000 -5.492187 
2.500000 -13.750000 
2.750000 -27.085938 
3.000000 -47.000000 
3.250000 -75.179688 
3.500000 -113.500000 
3.750000 -164.023438 
4.000000 -229.000000 
4.250000 -310.867187 
4.500000 -412.250000 
4.750000 -535.960937 
