-4.000000 -0.188160 
-3.750000 -0.176400 
-3.500000 -0.164640 
-3.250000 -0.152880 
-3.000000 -0.141120 
-2.750000 -0.129360 
-2.500000 -0.117600 
-2.250000 -0.105840 
-2.000000 -0.094080 
-1.750000 -0.082320 
-1.500000 -0.070560 
-1.250000 -0.058800 
-1.000000 -0.047040 
-0.750000 -0.035280 
-0.500000 -0.023520 
-0.250000 -0.011760 
0.000000 0.000000 
0.250000 0.011760 
0.500000 0.023520 
0.750000 0.035280 
1.000000 0.047040 
1.250000 0.058800 
1.500000 0.070560 
1.750000 0.082320 
2.000000 0.094080 
2.250000 0.105840 
2.500000 0.117600 
2.750000 0.129360 
3.000000 0.141120 
3.250000 0.152880 
3.500000 0.164640 
3.750000 0.176400 
4.000000 0.188160 
4.250000 0.199920 
4.500000 0.211680 
4.750000 0.223440 
