-4.000000 0.756800 
-3.750000 0.319669 
-3.500000 -0.042011 
-3.250000 -0.333270 
-3.000000 -0.559138 
-2.750000 -0.724644 
-2.500000 -0.834820 
-2.250000 -0.894696 
-2.000000 -0.909300 
-1.750000 -0.883664 
-1.500000 -0.822817 
-1.250000 -0.731790 
-1.000000 -0.615613 
-0.750000 -0.479315 
-0.500000 -0.327927 
-0.250000 -0.166478 
0.000000 0.000000 
0.250000 0.166478 
0.500000 0.327927 
0.750000 0.479315 
1.000000 0.615612 
1.250000 0.731790 
1.500000 0.822817 
1.750000 0.883664 
2.000000 0.909300 
2.250000 0.894696 
2.500000 0.834820 
2.750000 0.724644 
3.000000 0.559138 
3.250000 0.333270 
3.500000 0.042011 
3.750000 -0.319669 
4.000000 -0.756800 
4.250000 -1.274412 
4.500000 -1.877536 
4.750000 -2.571201 
