-4.000000 0.756800 
-3.750000 0.571656 
-3.500000 0.350853 
-3.250000 0.108210 
-3.000000 -0.141120 
-2.750000 -0.381657 
-2.500000 -0.598468 
-2.250000 -0.778073 
-2.000000 -0.909300 
-1.750000 -0.983988 
-1.500000 -0.997495 
-1.250000 -0.948983 
-1.000000 -0.841470 
-0.750000 -0.681638 
-0.500000 -0.479425 
-0.250000 -0.247404 
0.000000 0.000000 
0.250000 0.247404 
0.500000 0.479425 
0.750000 0.681638 
1.000000 0.841470 
1.250000 0.948983 
1.500000 0.997495 
1.750000 0.983988 
2.000000 0.909300 
2.250000 0.778073 
2.500000 0.598468 
2.750000 0.381657 
3.000000 0.141120 
3.250000 -0.108210 
3.500000 -0.350853 
3.750000 -0.571656 
4.000000 -0.756800 
4.250000 -0.896267 
4.500000 -0.992395 
4.750000 -1.087236 
