-4.000000 0.373748 
-3.750000 0.401863 
-3.500000 0.292423 
-3.250000 0.097128 
-3.000000 -0.141120 
-2.750000 -0.387589 
-2.500000 -0.615092 
-2.250000 -0.803353 
-2.000000 -0.938384 
-1.750000 -1.011851 
-1.500000 -1.020452 
-1.250000 -0.965282 
-1.000000 -0.851207 
-0.750000 -0.686238 
-0.500000 -0.480898 
-0.250000 -0.247597 
0.000000 0.000000 
0.250000 0.247597 
0.500000 0.480898 
0.750000 0.686238 
1.000000 0.851207 
1.250000 0.965282 
1.500000 1.020452 
1.750000 1.011851 
2.000000 0.938384 
2.250000 0.803353 
2.500000 0.615092 
2.750000 0.387589 
3.000000 0.141120 
3.250000 -0.097128 
3.500000 -0.292423 
3.750000 -0.401863 
4.000000 -0.373748 
4.250000 -0.146948 
4.500000 0.349725 
4.750000 1.198139 
