-4.000000 0.756800 
-3.750000 0.571208 
-3.500000 0.350054 
-3.250000 0.107411 
-3.000000 -0.141719 
-2.750000 -0.382004 
-2.500000 -0.598611 
-2.250000 -0.778103 
-2.000000 -0.909300 
-1.750000 -0.984004 
-1.500000 -0.997535 
-1.250000 -0.949033 
-1.000000 -0.841511 
-0.750000 -0.681662 
-0.500000 -0.479434 
-0.250000 -0.247405 
0.000000 0.000000 
0.250000 0.247405 
0.500000 0.479434 
0.750000 0.681662 
1.000000 0.841511 
1.250000 0.949033 
1.500000 0.997535 
1.750000 0.984004 
2.000000 0.909300 
2.250000 0.778103 
2.500000 0.598611 
2.750000 0.382004 
3.000000 0.141719 
3.250000 -0.107411 
3.500000 -0.350054 
3.750000 -0.571208 
4.000000 -0.756800 
4.250000 -0.893881 
4.500000 -0.970188 
4.750000 -0.972823 
