-4.000000 0.756800 
-3.750000 0.562710 
-3.500000 0.343412 
-3.250000 0.104917 
-3.000000 -0.141120 
-2.750000 -0.380144 
-2.500000 -0.596913 
-2.250000 -0.777242 
-2.000000 -0.909300 
-1.750000 -0.984516 
-1.500000 -0.998120 
-1.250000 -0.949364 
-1.000000 -0.841470 
-0.750000 -0.681331 
-0.500000 -0.479019 
-0.250000 -0.247128 
0.000000 0.000000 
0.250000 0.247128 
0.500000 0.479019 
0.750000 0.681331 
1.000000 0.841470 
1.250000 0.949364 
1.500000 0.998120 
1.750000 0.984516 
2.000000 0.909300 
2.250000 0.777242 
2.500000 0.596913 
2.750000 0.380144 
3.000000 0.141120 
3.250000 -0.104917 
3.500000 -0.343412 
3.750000 -0.562710 
4.000000 -0.756800 
4.250000 -0.928609 
4.500000 -1.093895 
4.750000 -1.285783 
