-10.000000 95.000000 
-9.750000 90.062500 
-9.500000 85.250000 
-9.250000 80.562500 
-9.000000 76.000000 
-8.750000 71.562500 
-8.500000 67.250000 
-8.250000 63.062500 
-8.000000 59.000000 
-7.750000 55.062500 
-7.500000 51.250000 
-7.250000 47.562500 
-7.000000 44.000000 
-6.750000 40.562500 
-6.500000 37.250000 
-6.250000 34.062500 
-6.000000 31.000000 
-5.750000 28.062500 
-5.500000 25.250000 
-5.250000 22.562500 
-5.000000 20.000000 
-4.750000 17.562500 
-4.500000 15.250000 
-4.250000 13.062500 
-4.000000 11.000000 
-3.750000 9.062500 
-3.500000 7.250000 
-3.250000 5.562500 
-3.000000 4.000000 
-2.750000 2.562500 
-2.500000 1.250000 
-2.250000 0.062500 
-2.000000 -1.000000 
-1.750000 -1.937500 
-1.500000 -2.750000 
-1.250000 -3.437500 
-1.000000 -4.000000 
-0.750000 -4.437500 
-0.500000 -4.750000 
-0.250000 -4.937500 
0.000000 -5.000000 
0.250000 -4.937500 
0.500000 -4.750000 
0.750000 -4.437500 
1.000000 -4.000000 
1.250000 -3.437500 
1.500000 -2.750000 
1.750000 -1.937500 
2.000000 -1.000000 
2.250000 0.062500 
2.500000 1.250000 
2.750000 2.562500 
3.000000 4.000000 
3.250000 5.562500 
3.500000 7.250000 
3.750000 9.062500 
4.000000 11.000000 
4.250000 13.062500 
4.500000 15.250000 
4.750000 17.562500 
5.000000 20.000000 
5.250000 22.562500 
5.500000 25.250000 
5.750000 28.062500 
6.000000 31.000000 
6.250000 34.062500 
6.500000 37.250000 
6.750000 40.562500 
7.000000 44.000000 
7.250000 47.562500 
7.500000 51.250000 
7.750000 55.062500 
8.000000 59.000000 
8.250000 63.062500 
8.500000 67.250000 
8.750000 71.562500 
9.000000 76.000000 
9.250000 80.562500 
9.500000 85.250000 
9.750000 90.062500 
10.000000 95.000000 
10.250000 100.062498 
10.500000 105.250023 
10.750000 110.562195 
