-4.000000 -277.000000 
-3.750000 -249.687500 
-3.500000 -223.750000 
-3.250000 -199.187500 
-3.000000 -176.000000 
-2.750000 -154.187500 
-2.500000 -133.750000 
-2.250000 -114.687500 
-2.000000 -97.000000 
-1.750000 -80.687500 
-1.500000 -65.750000 
-1.250000 -52.187500 
-1.000000 -40.000000 
-0.750000 -29.187500 
-0.500000 -19.750000 
-0.250000 -11.687500 
0.000000 -5.000000 
0.250000 0.312500 
0.500000 4.250000 
0.750000 6.812500 
1.000000 8.000000 
1.250000 7.812500 
1.500000 6.250000 
1.750000 3.312500 
2.000000 -1.000000 
2.250000 -6.687500 
2.500000 -13.750000 
2.750000 -22.187500 
3.000000 -32.000000 
3.250000 -43.187500 
3.500000 -55.750000 
3.750000 -69.687500 
4.000000 -85.000000 
4.250000 -101.687500 
4.500000 -119.750000 
4.750000 -139.187500 
